3389 17372 14633 5691 28359 25037 28398 16479 8001 4076
16681 25131 26025 22932 11476 26495 5611 15435 3437 432
4254 30885 14925 8073 27374 27238 3638 9871 21209 11239
3371 20873 927 2235 7300 22592 24179 913 321 17540
31607 29532 6303 6255 18151 31666 32489 10734 32404 25714
6289 22396 9109 5290 12671 31281 13369 13496 9897 14588
16960 15279 19940 8493 14666 27644 4089 10294 27023 841
26876 31410 10961 8609 17113 15526 11151 11221 24112 7943
16508 11551 15715 28285 18479 31750 17901 32615 30492 9857
3061 6943 8131 26975 31778 21119 19239 14054 22450 22948
13698 4283 14022 20721 823 14594 1280 8023 16904 32453
11344 16852 2697 10650 25099 13370 21972 18560 19006 22322
23423 26635 25921 30592 3019 29633 31631 23177 31262 18115
31700 29714 19380 12208 32584 10570 32401 27590 26684 17675
7354 23882 20210 349 12196 298 12466 19004 2029 26594
5402 7579 11594 13724 7606 11432 2753 28059 13265 8786
11032 3289 18570 13064 6541 14319 23338 22980 15047 54
14772 26185 12813 1068 12222 16553 9910 28441 6016 1545
32224 7154 299 25256 23653 24445 25724 19742 1291 15798
4240 1762 26363 3698 19962 1551 28789 21826 26387 11368
